2424
0136 08 29
0136 09 28
0138 06 29
0138 09 26
0139 06 28
0139 08 26
0163 08 29
0163 09 28
0168 03 29
0168 09 23
0169 03 28
0169 08 23
0183 06 29
0183 09 26
0186 03 29
0186 09 23
0189 03 26
0189 06 23
0193 06 28
0193 08 26
0196 03 28
0196 08 23
0198 03 26
0198 06 23
0236 08 19
0236 09 18
0238 06 19
0238 09 16
0239 06 18
0239 08 16
0263 08 19
0263 09 18
0268 03 19
0268 09 13
0269 03 18
0269 08 13
0269 08 31
0283 06 19
0283 09 16
0286 03 19
0286 09 13
0289 03 16
0289 06 13
0293 06 18
0293 08 16
0296 03 18
0296 08 13
0296 08 31
0298 03 16
0298 06 13
0316 08 29
0316 09 28
0318 06 29
0318 09 26
0319 06 28
0319 08 26
0326 08 19
0326 09 18
0328 06 19
0328 09 16
0329 06 18
0329 08 16
0361 08 29
0361 09 28
0362 08 19
0362 09 18
0368 01 29
0368 02 19
0368 09 12
0368 09 21
0368 10 29
0368 12 09
0369 01 28
0369 02 18
0369 08 12
0369 08 21
0369 10 28
0369 12 08
0381 06 29
0381 09 26
0382 06 19
0382 09 16
0386 01 29
0386 02 19
0386 09 12
0386 09 21
0386 10 29
0386 12 09
0389 01 26
0389 02 16
0389 06 12
0389 06 21
0389 10 26
0389 12 06
0391 06 28
0391 08 26
0392 06 18
0392 08 16
0396 01 28
0396 02 18
0396 08 12
0396 08 21
0396 10 28
0396 12 08
0398 01 26
0398 02 16
0398 06 12
0398 06 21
0398 10 26
0398 12 06
0613 08 29
0613 09 28
0618 03 29
0618 09 23
0619 03 28
0619 08 23
0623 08 19
0623 09 18
0628 03 19
0628 09 13
0629 03 18
0629 08 13
0629 08 31
0631 08 29
0631 09 28
0632 08 19
0632 09 18
0638 01 29
0638 02 19
0638 09 12
0638 09 21
0638 10 29
0638 12 09
0639 01 28
0639 02 18
0639 08 12
0639 08 21
0639 10 28
0639 12 08
0681 03 29
0681 09 23
0682 03 19
0682 09 13
0683 01 29
0683 02 19
0683 09 12
0683 09 21
0683 10 29
0683 12 09
0689 01 23
0689 02 13
0689 03 12
0689 03 21
0689 10 23
0689 12 03
0689 12 30
0691 03 28
0691 08 23
0692 03 18
0692 08 13
0692 08 31
0693 01 28
0693 02 18
0693 08 12
0693 08 21
0693 10 28
0693 12 08
0698 01 23
0698 02 13
0698 03 12
0698 03 21
0698 10 23
0698 12 03
0698 12 30
0813 06 29
0813 09 26
0816 03 29
0816 09 23
0819 03 26
0819 06 23
0823 06 19
0823 09 16
0826 03 19
0826 09 13
0829 03 16
0829 06 13
0831 06 29
0831 09 26
0832 06 19
0832 09 16
0836 01 29
0836 02 19
0836 09 12
0836 09 21
0836 10 29
0836 12 09
0839 01 26
0839 02 16
0839 06 12
0839 06 21
0839 10 26
0839 12 06
0861 03 29
0861 09 23
0862 03 19
0862 09 13
0863 01 29
0863 02 19
0863 09 12
0863 09 21
0863 10 29
0863 12 09
0869 01 23
0869 02 13
0869 03 12
0869 03 21
0869 10 23
0869 12 03
0869 12 30
0891 03 26
0891 06 23
0892 03 16
0892 06 13
0893 01 26
0893 02 16
0893 06 12
0893 06 21
0893 10 26
0893 12 06
0896 01 23
0896 02 13
0896 03 12
0896 03 21
0896 10 23
0896 12 03
0896 12 30
0913 06 28
0913 08 26
0916 03 28
0916 08 23
0918 03 26
0918 06 23
0923 06 18
0923 08 16
0926 03 18
0926 08 13
0926 08 31
0928 03 16
0928 06 13
0931 06 28
0931 08 26
0932 06 18
0932 08 16
0936 01 28
0936 02 18
0936 08 12
0936 08 21
0936 10 28
0936 12 08
0938 01 26
0938 02 16
0938 06 12
0938 06 21
0938 10 26
0938 12 06
0961 03 28
0961 08 23
0962 03 18
0962 08 13
0962 08 31
0963 01 28
0963 02 18
0963 08 12
0963 08 21
0963 10 28
0963 12 08
0968 01 23
0968 02 13
0968 03 12
0968 03 21
0968 10 23
0968 12 03
0968 12 30
0981 03 26
0981 06 23
0982 03 16
0982 06 13
0983 01 26
0983 02 16
0983 06 12
0983 06 21
0983 10 26
0983 12 06
0986 01 23
0986 02 13
0986 03 12
0986 03 21
0986 10 23
0986 12 03
0986 12 30
1036 08 29
1036 09 28
1038 06 29
1038 09 26
1039 06 28
1039 08 26
1063 08 29
1063 09 28
1068 03 29
1068 09 23
1069 03 28
1069 08 23
1083 06 29
1083 09 26
1086 03 29
1086 09 23
1089 03 26
1089 06 23
1093 06 28
1093 08 26
1096 03 28
1096 08 23
1098 03 26
1098 06 23
1236 08 09
1236 09 08
1238 06 09
1238 09 06
1239 06 08
1239 08 06
1263 08 09
1263 09 08
1268 03 09
1268 09 03
1268 09 30
1269 03 08
1269 08 03
1269 08 30
1283 06 09
1283 09 06
1286 03 09
1286 09 03
1286 09 30
1289 03 06
1289 06 03
1289 06 30
1293 06 08
1293 08 06
1296 03 08
1296 08 03
1296 08 30
1298 03 06
1298 06 03
1298 06 30
1306 08 29
1306 09 28
1308 06 29
1308 09 26
1309 06 28
1309 08 26
1326 08 09
1326 09 08
1328 06 09
1328 09 06
1329 06 08
1329 08 06
1360 08 29
1360 09 28
1362 08 09
1362 09 08
1368 02 09
1368 09 02
1368 09 20
1369 02 08
1369 08 02
1369 08 20
1380 06 29
1380 09 26
1382 06 09
1382 09 06
1386 02 09
1386 09 02
1386 09 20
1389 02 06
1389 06 02
1389 06 20
1390 06 28
1390 08 26
1392 06 08
1392 08 06
1396 02 08
1396 08 02
1396 08 20
1398 02 06
1398 06 02
1398 06 20
1603 08 29
1603 09 28
1608 03 29
1608 09 23
1609 03 28
1609 08 23
1623 08 09
1623 09 08
1628 03 09
1628 09 03
1628 09 30
1629 03 08
1629 08 03
1629 08 30
1630 08 29
1630 09 28
1632 08 09
1632 09 08
1638 02 09
1638 09 02
1638 09 20
1639 02 08
1639 08 02
1639 08 20
1680 03 29
1680 09 23
1682 03 09
1682 09 03
1682 09 30
1683 02 09
1683 09 02
1683 09 20
1689 02 03
1689 03 02
1689 03 20
1690 03 28
1690 08 23
1692 03 08
1692 08 03
1692 08 30
1693 02 08
1693 08 02
1693 08 20
1698 02 03
1698 03 02
1698 03 20
1803 06 29
1803 09 26
1806 03 29
1806 09 23
1809 03 26
1809 06 23
1823 06 09
1823 09 06
1826 03 09
1826 09 03
1826 09 30
1829 03 06
1829 06 03
1829 06 30
1830 06 29
1830 09 26
1832 06 09
1832 09 06
1836 02 09
1836 09 02
1836 09 20
1839 02 06
1839 06 02
1839 06 20
1860 03 29
1860 09 23
1862 03 09
1862 09 03
1862 09 30
1863 02 09
1863 09 02
1863 09 20
1869 02 03
1869 03 02
1869 03 20
1890 03 26
1890 06 23
1892 03 06
1892 06 03
1892 06 30
1893 02 06
1893 06 02
1893 06 20
1896 02 03
1896 03 02
1896 03 20
1903 06 28
1903 08 26
1906 03 28
1906 08 23
1908 03 26
1908 06 23
1923 06 08
1923 08 06
1926 03 08
1926 08 03
1926 08 30
1928 03 06
1928 06 03
1928 06 30
1930 06 28
1930 08 26
1932 06 08
1932 08 06
1936 02 08
1936 08 02
1936 08 20
1938 02 06
1938 06 02
1938 06 20
1960 03 28
1960 08 23
1962 03 08
1962 08 03
1962 08 30
1963 02 08
1963 08 02
1963 08 20
1968 02 03
1968 03 02
1968 03 20
1980 03 26
1980 06 23
1982 03 06
1982 06 03
1982 06 30
1983 02 06
1983 06 02
1983 06 20
1986 02 03
1986 03 02
1986 03 20
2036 08 19
2036 09 18
2038 06 19
2038 09 16
2039 06 18
2039 08 16
2063 08 19
2063 09 18
2068 03 19
2068 09 13
2069 03 18
2069 08 13
2069 08 31
2083 06 19
2083 09 16
2086 03 19
2086 09 13
2089 03 16
2089 06 13
2093 06 18
2093 08 16
2096 03 18
2096 08 13
2096 08 31
2098 03 16
2098 06 13
2136 08 09
2136 09 08
2138 06 09
2138 09 06
2139 06 08
2139 08 06
2163 08 09
2163 09 08
2168 03 09
2168 09 03
2168 09 30
2169 03 08
2169 08 03
2169 08 30
2183 06 09
2183 09 06
2186 03 09
2186 09 03
2186 09 30
2189 03 06
2189 06 03
2189 06 30
2193 06 08
2193 08 06
2196 03 08
2196 08 03
2196 08 30
2198 03 06
2198 06 03
2198 06 30
2306 08 19
2306 09 18
2308 06 19
2308 09 16
2309 06 18
2309 08 16
2316 08 09
2316 09 08
2318 06 09
2318 09 06
2319 06 08
2319 08 06
2360 08 19
2360 09 18
2361 08 09
2361 09 08
2368 01 09
2368 09 01
2368 09 10
2368 10 09
2369 01 08
2369 08 01
2369 08 10
2369 10 08
2380 06 19
2380 09 16
2381 06 09
2381 09 06
2386 01 09
2386 09 01
2386 09 10
2386 10 09
2389 01 06
2389 06 01
2389 06 10
2389 10 06
2390 06 18
2390 08 16
2391 06 08
2391 08 06
2396 01 08
2396 08 01
2396 08 10
2396 10 08
2398 01 06
2398 06 01
2398 06 10
2398 10 06
2603 08 19
2603 09 18
2608 03 19
2608 09 13
2609 03 18
2609 08 13
2609 08 31
2613 08 09
2613 09 08
2618 03 09
2618 09 03
2618 09 30
2619 03 08
2619 08 03
2619 08 30
2630 08 19
2630 09 18
2631 08 09
2631 09 08
2638 01 09
2638 09 01
2638 09 10
2638 10 09
2639 01 08
2639 08 01
2639 08 10
2639 10 08
2680 03 19
2680 09 13
2681 03 09
2681 09 03
2681 09 30
2683 01 09
2683 09 01
2683 09 10
2683 10 09
2689 01 03
2689 01 30
2689 03 01
2689 03 10
2689 10 03
2689 10 30
2690 03 18
2690 08 13
2690 08 31
2691 03 08
2691 08 03
2691 08 30
2693 01 08
2693 08 01
2693 08 10
2693 10 08
2698 01 03
2698 01 30
2698 03 01
2698 03 10
2698 10 03
2698 10 30
2803 06 19
2803 09 16
2806 03 19
2806 09 13
2809 03 16
2809 06 13
2813 06 09
2813 09 06
2816 03 09
2816 09 03
2816 09 30
2819 03 06
2819 06 03
2819 06 30
2830 06 19
2830 09 16
2831 06 09
2831 09 06
2836 01 09
2836 09 01
2836 09 10
2836 10 09
2839 01 06
2839 06 01
2839 06 10
2839 10 06
2860 03 19
2860 09 13
2861 03 09
2861 09 03
2861 09 30
2863 01 09
2863 09 01
2863 09 10
2863 10 09
2869 01 03
2869 01 30
2869 03 01
2869 03 10
2869 10 03
2869 10 30
2890 03 16
2890 06 13
2891 03 06
2891 06 03
2891 06 30
2893 01 06
2893 06 01
2893 06 10
2893 10 06
2896 01 03
2896 01 30
2896 03 01
2896 03 10
2896 10 03
2896 10 30
2903 06 18
2903 08 16
2906 03 18
2906 08 13
2906 08 31
2908 03 16
2908 06 13
2913 06 08
2913 08 06
2916 03 08
2916 08 03
2916 08 30
2918 03 06
2918 06 03
2918 06 30
2930 06 18
2930 08 16
2931 06 08
2931 08 06
2936 01 08
2936 08 01
2936 08 10
2936 10 08
2938 01 06
2938 06 01
2938 06 10
2938 10 06
2960 03 18
2960 08 13
2960 08 31
2961 03 08
2961 08 03
2961 08 30
2963 01 08
2963 08 01
2963 08 10
2963 10 08
2968 01 03
2968 01 30
2968 03 01
2968 03 10
2968 10 03
2968 10 30
2980 03 16
2980 06 13
2981 03 06
2981 06 03
2981 06 30
2983 01 06
2983 06 01
2983 06 10
2983 10 06
2986 01 03
2986 01 30
2986 03 01
2986 03 10
2986 10 03
2986 10 30
3016 08 29
3016 09 28
3018 06 29
3018 09 26
3019 06 28
3019 08 26
3026 08 19
3026 09 18
3028 06 19
3028 09 16
3029 06 18
3029 08 16
3061 08 29
3061 09 28
3062 08 19
3062 09 18
3068 01 29
3068 02 19
3068 09 12
3068 09 21
3068 10 29
3068 12 09
3069 01 28
3069 02 18
3069 08 12
3069 08 21
3069 10 28
3069 12 08
3081 06 29
3081 09 26
3082 06 19
3082 09 16
3086 01 29
3086 02 19
3086 09 12
3086 09 21
3086 10 29
3086 12 09
3089 01 26
3089 02 16
3089 06 12
3089 06 21
3089 10 26
3089 12 06
3091 06 28
3091 08 26
3092 06 18
3092 08 16
3096 01 28
3096 02 18
3096 08 12
3096 08 21
3096 10 28
3096 12 08
3098 01 26
3098 02 16
3098 06 12
3098 06 21
3098 10 26
3098 12 06
3106 08 29
3106 09 28
3108 06 29
3108 09 26
3109 06 28
3109 08 26
3126 08 09
3126 09 08
3128 06 09
3128 09 06
3129 06 08
3129 08 06
3160 08 29
3160 09 28
3162 08 09
3162 09 08
3168 02 09
3168 09 02
3168 09 20
3169 02 08
3169 08 02
3169 08 20
3180 06 29
3180 09 26
3182 06 09
3182 09 06
3186 02 09
3186 09 02
3186 09 20
3189 02 06
3189 06 02
3189 06 20
3190 06 28
3190 08 26
3192 06 08
3192 08 06
3196 02 08
3196 08 02
3196 08 20
3198 02 06
3198 06 02
3198 06 20
3206 08 19
3206 09 18
3208 06 19
3208 09 16
3209 06 18
3209 08 16
3216 08 09
3216 09 08
3218 06 09
3218 09 06
3219 06 08
3219 08 06
3260 08 19
3260 09 18
3261 08 09
3261 09 08
3268 01 09
3268 09 01
3268 09 10
3268 10 09
3269 01 08
3269 08 01
3269 08 10
3269 10 08
3280 06 19
3280 09 16
3281 06 09
3281 09 06
3286 01 09
3286 09 01
3286 09 10
3286 10 09
3289 01 06
3289 06 01
3289 06 10
3289 10 06
3290 06 18
3290 08 16
3291 06 08
3291 08 06
3296 01 08
3296 08 01
3296 08 10
3296 10 08
3298 01 06
3298 06 01
3298 06 10
3298 10 06
3601 08 29
3601 09 28
3602 08 19
3602 09 18
3608 01 29
3608 02 19
3608 09 12
3608 09 21
3608 10 29
3608 12 09
3609 01 28
3609 02 18
3609 08 12
3609 08 21
3609 10 28
3609 12 08
3610 08 29
3610 09 28
3612 08 09
3612 09 08
3618 02 09
3618 09 02
3618 09 20
3619 02 08
3619 08 02
3619 08 20
3620 08 19
3620 09 18
3621 08 09
3621 09 08
3628 01 09
3628 09 01
3628 09 10
3628 10 09
3629 01 08
3629 08 01
3629 08 10
3629 10 08
3680 01 29
3680 02 19
3680 09 12
3680 09 21
3680 10 29
3680 12 09
3681 02 09
3681 09 02
3681 09 20
3682 01 09
3682 09 01
3682 09 10
3682 10 09
3689 01 02
3689 01 20
3689 02 01
3689 02 10
3689 10 02
3689 10 20
3690 01 28
3690 02 18
3690 08 12
3690 08 21
3690 10 28
3690 12 08
3691 02 08
3691 08 02
3691 08 20
3692 01 08
3692 08 01
3692 08 10
3692 10 08
3698 01 02
3698 01 20
3698 02 01
3698 02 10
3698 10 02
3698 10 20
3801 06 29
3801 09 26
3802 06 19
3802 09 16
3806 01 29
3806 02 19
3806 09 12
3806 09 21
3806 10 29
3806 12 09
3809 01 26
3809 02 16
3809 06 12
3809 06 21
3809 10 26
3809 12 06
3810 06 29
3810 09 26
3812 06 09
3812 09 06
3816 02 09
3816 09 02
3816 09 20
3819 02 06
3819 06 02
3819 06 20
3820 06 19
3820 09 16
3821 06 09
3821 09 06
3826 01 09
3826 09 01
3826 09 10
3826 10 09
3829 01 06
3829 06 01
3829 06 10
3829 10 06
3860 01 29
3860 02 19
3860 09 12
3860 09 21
3860 10 29
3860 12 09
3861 02 09
3861 09 02
3861 09 20
3862 01 09
3862 09 01
3862 09 10
3862 10 09
3869 01 02
3869 01 20
3869 02 01
3869 02 10
3869 10 02
3869 10 20
3890 01 26
3890 02 16
3890 06 12
3890 06 21
3890 10 26
3890 12 06
3891 02 06
3891 06 02
3891 06 20
3892 01 06
3892 06 01
3892 06 10
3892 10 06
3896 01 02
3896 01 20
3896 02 01
3896 02 10
3896 10 02
3896 10 20
3901 06 28
3901 08 26
3902 06 18
3902 08 16
3906 01 28
3906 02 18
3906 08 12
3906 08 21
3906 10 28
3906 12 08
3908 01 26
3908 02 16
3908 06 12
3908 06 21
3908 10 26
3908 12 06
3910 06 28
3910 08 26
3912 06 08
3912 08 06
3916 02 08
3916 08 02
3916 08 20
3918 02 06
3918 06 02
3918 06 20
3920 06 18
3920 08 16
3921 06 08
3921 08 06
3926 01 08
3926 08 01
3926 08 10
3926 10 08
3928 01 06
3928 06 01
3928 06 10
3928 10 06
3960 01 28
3960 02 18
3960 08 12
3960 08 21
3960 10 28
3960 12 08
3961 02 08
3961 08 02
3961 08 20
3962 01 08
3962 08 01
3962 08 10
3962 10 08
3968 01 02
3968 01 20
3968 02 01
3968 02 10
3968 10 02
3968 10 20
3980 01 26
3980 02 16
3980 06 12
3980 06 21
3980 10 26
3980 12 06
3981 02 06
3981 06 02
3981 06 20
3982 01 06
3982 06 01
3982 06 10
3982 10 06
3986 01 02
3986 01 20
3986 02 01
3986 02 10
3986 10 02
3986 10 20
6013 08 29
6013 09 28
6018 03 29
6018 09 23
6019 03 28
6019 08 23
6023 08 19
6023 09 18
6028 03 19
6028 09 13
6029 03 18
6029 08 13
6029 08 31
6031 08 29
6031 09 28
6032 08 19
6032 09 18
6038 01 29
6038 02 19
6038 09 12
6038 09 21
6038 10 29
6038 12 09
6039 01 28
6039 02 18
6039 08 12
6039 08 21
6039 10 28
6039 12 08
6081 03 29
6081 09 23
6082 03 19
6082 09 13
6083 01 29
6083 02 19
6083 09 12
6083 09 21
6083 10 29
6083 12 09
6089 01 23
6089 02 13
6089 03 12
6089 03 21
6089 10 23
6089 12 03
6089 12 30
6091 03 28
6091 08 23
6092 03 18
6092 08 13
6092 08 31
6093 01 28
6093 02 18
6093 08 12
6093 08 21
6093 10 28
6093 12 08
6098 01 23
6098 02 13
6098 03 12
6098 03 21
6098 10 23
6098 12 03
6098 12 30
6103 08 29
6103 09 28
6108 03 29
6108 09 23
6109 03 28
6109 08 23
6123 08 09
6123 09 08
6128 03 09
6128 09 03
6128 09 30
6129 03 08
6129 08 03
6129 08 30
6130 08 29
6130 09 28
6132 08 09
6132 09 08
6138 02 09
6138 09 02
6138 09 20
6139 02 08
6139 08 02
6139 08 20
6180 03 29
6180 09 23
6182 03 09
6182 09 03
6182 09 30
6183 02 09
6183 09 02
6183 09 20
6189 02 03
6189 03 02
6189 03 20
6190 03 28
6190 08 23
6192 03 08
6192 08 03
6192 08 30
6193 02 08
6193 08 02
6193 08 20
6198 02 03
6198 03 02
6198 03 20
6203 08 19
6203 09 18
6208 03 19
6208 09 13
6209 03 18
6209 08 13
6209 08 31
6213 08 09
6213 09 08
6218 03 09
6218 09 03
6218 09 30
6219 03 08
6219 08 03
6219 08 30
6230 08 19
6230 09 18
6231 08 09
6231 09 08
6238 01 09
6238 09 01
6238 09 10
6238 10 09
6239 01 08
6239 08 01
6239 08 10
6239 10 08
6280 03 19
6280 09 13
6281 03 09
6281 09 03
6281 09 30
6283 01 09
6283 09 01
6283 09 10
6283 10 09
6289 01 03
6289 01 30
6289 03 01
6289 03 10
6289 10 03
6289 10 30
6290 03 18
6290 08 13
6290 08 31
6291 03 08
6291 08 03
6291 08 30
6293 01 08
6293 08 01
6293 08 10
6293 10 08
6298 01 03
6298 01 30
6298 03 01
6298 03 10
6298 10 03
6298 10 30
6301 08 29
6301 09 28
6302 08 19
6302 09 18
6308 01 29
6308 02 19
6308 09 12
6308 09 21
6308 10 29
6308 12 09
6309 01 28
6309 02 18
6309 08 12
6309 08 21
6309 10 28
6309 12 08
6310 08 29
6310 09 28
6312 08 09
6312 09 08
6318 02 09
6318 09 02
6318 09 20
6319 02 08
6319 08 02
6319 08 20
6320 08 19
6320 09 18
6321 08 09
6321 09 08
6328 01 09
6328 09 01
6328 09 10
6328 10 09
6329 01 08
6329 08 01
6329 08 10
6329 10 08
6380 01 29
6380 02 19
6380 09 12
6380 09 21
6380 10 29
6380 12 09
6381 02 09
6381 09 02
6381 09 20
6382 01 09
6382 09 01
6382 09 10
6382 10 09
6389 01 02
6389 01 20
6389 02 01
6389 02 10
6389 10 02
6389 10 20
6390 01 28
6390 02 18
6390 08 12
6390 08 21
6390 10 28
6390 12 08
6391 02 08
6391 08 02
6391 08 20
6392 01 08
6392 08 01
6392 08 10
6392 10 08
6398 01 02
6398 01 20
6398 02 01
6398 02 10
6398 10 02
6398 10 20
6801 03 29
6801 09 23
6802 03 19
6802 09 13
6803 01 29
6803 02 19
6803 09 12
6803 09 21
6803 10 29
6803 12 09
6809 01 23
6809 02 13
6809 03 12
6809 03 21
6809 10 23
6809 12 03
6809 12 30
6810 03 29
6810 09 23
6812 03 09
6812 09 03
6812 09 30
6813 02 09
6813 09 02
6813 09 20
6819 02 03
6819 03 02
6819 03 20
6820 03 19
6820 09 13
6821 03 09
6821 09 03
6821 09 30
6823 01 09
6823 09 01
6823 09 10
6823 10 09
6829 01 03
6829 01 30
6829 03 01
6829 03 10
6829 10 03
6829 10 30
6830 01 29
6830 02 19
6830 09 12
6830 09 21
6830 10 29
6830 12 09
6831 02 09
6831 09 02
6831 09 20
6832 01 09
6832 09 01
6832 09 10
6832 10 09
6839 01 02
6839 01 20
6839 02 01
6839 02 10
6839 10 02
6839 10 20
6890 01 23
6890 02 13
6890 03 12
6890 03 21
6890 10 23
6890 12 03
6890 12 30
6891 02 03
6891 03 02
6891 03 20
6892 01 03
6892 01 30
6892 03 01
6892 03 10
6892 10 03
6892 10 30
6893 01 02
6893 01 20
6893 02 01
6893 02 10
6893 10 02
6893 10 20
6901 03 28
6901 08 23
6902 03 18
6902 08 13
6902 08 31
6903 01 28
6903 02 18
6903 08 12
6903 08 21
6903 10 28
6903 12 08
6908 01 23
6908 02 13
6908 03 12
6908 03 21
6908 10 23
6908 12 03
6908 12 30
6910 03 28
6910 08 23
6912 03 08
6912 08 03
6912 08 30
6913 02 08
6913 08 02
6913 08 20
6918 02 03
6918 03 02
6918 03 20
6920 03 18
6920 08 13
6920 08 31
6921 03 08
6921 08 03
6921 08 30
6923 01 08
6923 08 01
6923 08 10
6923 10 08
6928 01 03
6928 01 30
6928 03 01
6928 03 10
6928 10 03
6928 10 30
6930 01 28
6930 02 18
6930 08 12
6930 08 21
6930 10 28
6930 12 08
6931 02 08
6931 08 02
6931 08 20
6932 01 08
6932 08 01
6932 08 10
6932 10 08
6938 01 02
6938 01 20
6938 02 01
6938 02 10
6938 10 02
6938 10 20
6980 01 23
6980 02 13
6980 03 12
6980 03 21
6980 10 23
6980 12 03
6980 12 30
6981 02 03
6981 03 02
6981 03 20
6982 01 03
6982 01 30
6982 03 01
6982 03 10
6982 10 03
6982 10 30
6983 01 02
6983 01 20
6983 02 01
6983 02 10
6983 10 02
6983 10 20
8013 06 29
8013 09 26
8016 03 29
8016 09 23
8019 03 26
8019 06 23
8023 06 19
8023 09 16
8026 03 19
8026 09 13
8029 03 16
8029 06 13
8031 06 29
8031 09 26
8032 06 19
8032 09 16
8036 01 29
8036 02 19
8036 09 12
8036 09 21
8036 10 29
8036 12 09
8039 01 26
8039 02 16
8039 06 12
8039 06 21
8039 10 26
8039 12 06
8061 03 29
8061 09 23
8062 03 19
8062 09 13
8063 01 29
8063 02 19
8063 09 12
8063 09 21
8063 10 29
8063 12 09
8069 01 23
8069 02 13
8069 03 12
8069 03 21
8069 10 23
8069 12 03
8069 12 30
8091 03 26
8091 06 23
8092 03 16
8092 06 13
8093 01 26
8093 02 16
8093 06 12
8093 06 21
8093 10 26
8093 12 06
8096 01 23
8096 02 13
8096 03 12
8096 03 21
8096 10 23
8096 12 03
8096 12 30
8103 06 29
8103 09 26
8106 03 29
8106 09 23
8109 03 26
8109 06 23
8123 06 09
8123 09 06
8126 03 09
8126 09 03
8126 09 30
8129 03 06
8129 06 03
8129 06 30
8130 06 29
8130 09 26
8132 06 09
8132 09 06
8136 02 09
8136 09 02
8136 09 20
8139 02 06
8139 06 02
8139 06 20
8160 03 29
8160 09 23
8162 03 09
8162 09 03
8162 09 30
8163 02 09
8163 09 02
8163 09 20
8169 02 03
8169 03 02
8169 03 20
8190 03 26
8190 06 23
8192 03 06
8192 06 03
8192 06 30
8193 02 06
8193 06 02
8193 06 20
8196 02 03
8196 03 02
8196 03 20
8203 06 19
8203 09 16
8206 03 19
8206 09 13
8209 03 16
8209 06 13
8213 06 09
8213 09 06
8216 03 09
8216 09 03
8216 09 30
8219 03 06
8219 06 03
8219 06 30
8230 06 19
8230 09 16
8231 06 09
8231 09 06
8236 01 09
8236 09 01
8236 09 10
8236 10 09
8239 01 06
8239 06 01
8239 06 10
8239 10 06
8260 03 19
8260 09 13
8261 03 09
8261 09 03
8261 09 30
8263 01 09
8263 09 01
8263 09 10
8263 10 09
8269 01 03
8269 01 30
8269 03 01
8269 03 10
8269 10 03
8269 10 30
8290 03 16
8290 06 13
8291 03 06
8291 06 03
8291 06 30
8293 01 06
8293 06 01
8293 06 10
8293 10 06
8296 01 03
8296 01 30
8296 03 01
8296 03 10
8296 10 03
8296 10 30
8301 06 29
8301 09 26
8302 06 19
8302 09 16
8306 01 29
8306 02 19
8306 09 12
8306 09 21
8306 10 29
8306 12 09
8309 01 26
8309 02 16
8309 06 12
8309 06 21
8309 10 26
8309 12 06
8310 06 29
8310 09 26
8312 06 09
8312 09 06
8316 02 09
8316 09 02
8316 09 20
8319 02 06
8319 06 02
8319 06 20
8320 06 19
8320 09 16
8321 06 09
8321 09 06
8326 01 09
8326 09 01
8326 09 10
8326 10 09
8329 01 06
8329 06 01
8329 06 10
8329 10 06
8360 01 29
8360 02 19
8360 09 12
8360 09 21
8360 10 29
8360 12 09
8361 02 09
8361 09 02
8361 09 20
8362 01 09
8362 09 01
8362 09 10
8362 10 09
8369 01 02
8369 01 20
8369 02 01
8369 02 10
8369 10 02
8369 10 20
8390 01 26
8390 02 16
8390 06 12
8390 06 21
8390 10 26
8390 12 06
8391 02 06
8391 06 02
8391 06 20
8392 01 06
8392 06 01
8392 06 10
8392 10 06
8396 01 02
8396 01 20
8396 02 01
8396 02 10
8396 10 02
8396 10 20
8601 03 29
8601 09 23
8602 03 19
8602 09 13
8603 01 29
8603 02 19
8603 09 12
8603 09 21
8603 10 29
8603 12 09
8609 01 23
8609 02 13
8609 03 12
8609 03 21
8609 10 23
8609 12 03
8609 12 30
8610 03 29
8610 09 23
8612 03 09
8612 09 03
8612 09 30
8613 02 09
8613 09 02
8613 09 20
8619 02 03
8619 03 02
8619 03 20
8620 03 19
8620 09 13
8621 03 09
8621 09 03
8621 09 30
8623 01 09
8623 09 01
8623 09 10
8623 10 09
8629 01 03
8629 01 30
8629 03 01
8629 03 10
8629 10 03
8629 10 30
8630 01 29
8630 02 19
8630 09 12
8630 09 21
8630 10 29
8630 12 09
8631 02 09
8631 09 02
8631 09 20
8632 01 09
8632 09 01
8632 09 10
8632 10 09
8639 01 02
8639 01 20
8639 02 01
8639 02 10
8639 10 02
8639 10 20
8690 01 23
8690 02 13
8690 03 12
8690 03 21
8690 10 23
8690 12 03
8690 12 30
8691 02 03
8691 03 02
8691 03 20
8692 01 03
8692 01 30
8692 03 01
8692 03 10
8692 10 03
8692 10 30
8693 01 02
8693 01 20
8693 02 01
8693 02 10
8693 10 02
8693 10 20
8901 03 26
8901 06 23
8902 03 16
8902 06 13
8903 01 26
8903 02 16
8903 06 12
8903 06 21
8903 10 26
8903 12 06
8906 01 23
8906 02 13
8906 03 12
8906 03 21
8906 10 23
8906 12 03
8906 12 30
8910 03 26
8910 06 23
8912 03 06
8912 06 03
8912 06 30
8913 02 06
8913 06 02
8913 06 20
8916 02 03
8916 03 02
8916 03 20
8920 03 16
8920 06 13
8921 03 06
8921 06 03
8921 06 30
8923 01 06
8923 06 01
8923 06 10
8923 10 06
8926 01 03
8926 01 30
8926 03 01
8926 03 10
8926 10 03
8926 10 30
8930 01 26
8930 02 16
8930 06 12
8930 06 21
8930 10 26
8930 12 06
8931 02 06
8931 06 02
8931 06 20
8932 01 06
8932 06 01
8932 06 10
8932 10 06
8936 01 02
8936 01 20
8936 02 01
8936 02 10
8936 10 02
8936 10 20
8960 01 23
8960 02 13
8960 03 12
8960 03 21
8960 10 23
8960 12 03
8960 12 30
8961 02 03
8961 03 02
8961 03 20
8962 01 03
8962 01 30
8962 03 01
8962 03 10
8962 10 03
8962 10 30
8963 01 02
8963 01 20
8963 02 01
8963 02 10
8963 10 02
8963 10 20
9013 06 28
9013 08 26
9016 03 28
9016 08 23
9018 03 26
9018 06 23
9023 06 18
9023 08 16
9026 03 18
9026 08 13
9026 08 31
9028 03 16
9028 06 13
9031 06 28
9031 08 26
9032 06 18
9032 08 16
9036 01 28
9036 02 18
9036 08 12
9036 08 21
9036 10 28
9036 12 08
9038 01 26
9038 02 16
9038 06 12
9038 06 21
9038 10 26
9038 12 06
9061 03 28
9061 08 23
9062 03 18
9062 08 13
9062 08 31
9063 01 28
9063 02 18
9063 08 12
9063 08 21
9063 10 28
9063 12 08
9068 01 23
9068 02 13
9068 03 12
9068 03 21
9068 10 23
9068 12 03
9068 12 30
9081 03 26
9081 06 23
9082 03 16
9082 06 13
9083 01 26
9083 02 16
9083 06 12
9083 06 21
9083 10 26
9083 12 06
9086 01 23
9086 02 13
9086 03 12
9086 03 21
9086 10 23
9086 12 03
9086 12 30
9103 06 28
9103 08 26
9106 03 28
9106 08 23
9108 03 26
9108 06 23
9123 06 08
9123 08 06
9126 03 08
9126 08 03
9126 08 30
9128 03 06
9128 06 03
9128 06 30
9130 06 28
9130 08 26
9132 06 08
9132 08 06
9136 02 08
9136 08 02
9136 08 20
9138 02 06
9138 06 02
9138 06 20
9160 03 28
9160 08 23
9162 03 08
9162 08 03
9162 08 30
9163 02 08
9163 08 02
9163 08 20
9168 02 03
9168 03 02
9168 03 20
9180 03 26
9180 06 23
9182 03 06
9182 06 03
9182 06 30
9183 02 06
9183 06 02
9183 06 20
9186 02 03
9186 03 02
9186 03 20
9203 06 18
9203 08 16
9206 03 18
9206 08 13
9206 08 31
9208 03 16
9208 06 13
9213 06 08
9213 08 06
9216 03 08
9216 08 03
9216 08 30
9218 03 06
9218 06 03
9218 06 30
9230 06 18
9230 08 16
9231 06 08
9231 08 06
9236 01 08
9236 08 01
9236 08 10
9236 10 08
9238 01 06
9238 06 01
9238 06 10
9238 10 06
9260 03 18
9260 08 13
9260 08 31
9261 03 08
9261 08 03
9261 08 30
9263 01 08
9263 08 01
9263 08 10
9263 10 08
9268 01 03
9268 01 30
9268 03 01
9268 03 10
9268 10 03
9268 10 30
9280 03 16
9280 06 13
9281 03 06
9281 06 03
9281 06 30
9283 01 06
9283 06 01
9283 06 10
9283 10 06
9286 01 03
9286 01 30
9286 03 01
9286 03 10
9286 10 03
9286 10 30
9301 06 28
9301 08 26
9302 06 18
9302 08 16
9306 01 28
9306 02 18
9306 08 12
9306 08 21
9306 10 28
9306 12 08
9308 01 26
9308 02 16
9308 06 12
9308 06 21
9308 10 26
9308 12 06
9310 06 28
9310 08 26
9312 06 08
9312 08 06
9316 02 08
9316 08 02
9316 08 20
9318 02 06
9318 06 02
9318 06 20
9320 06 18
9320 08 16
9321 06 08
9321 08 06
9326 01 08
9326 08 01
9326 08 10
9326 10 08
9328 01 06
9328 06 01
9328 06 10
9328 10 06
9360 01 28
9360 02 18
9360 08 12
9360 08 21
9360 10 28
9360 12 08
9361 02 08
9361 08 02
9361 08 20
9362 01 08
9362 08 01
9362 08 10
9362 10 08
9368 01 02
9368 01 20
9368 02 01
9368 02 10
9368 10 02
9368 10 20
9380 01 26
9380 02 16
9380 06 12
9380 06 21
9380 10 26
9380 12 06
9381 02 06
9381 06 02
9381 06 20
9382 01 06
9382 06 01
9382 06 10
9382 10 06
9386 01 02
9386 01 20
9386 02 01
9386 02 10
9386 10 02
9386 10 20
9601 03 28
9601 08 23
9602 03 18
9602 08 13
9602 08 31
9603 01 28
9603 02 18
9603 08 12
9603 08 21
9603 10 28
9603 12 08
9608 01 23
9608 02 13
9608 03 12
9608 03 21
9608 10 23
9608 12 03
9608 12 30
9610 03 28
9610 08 23
9612 03 08
9612 08 03
9612 08 30
9613 02 08
9613 08 02
9613 08 20
9618 02 03
9618 03 02
9618 03 20
9620 03 18
9620 08 13
9620 08 31
9621 03 08
9621 08 03
9621 08 30
9623 01 08
9623 08 01
9623 08 10
9623 10 08
9628 01 03
9628 01 30
9628 03 01
9628 03 10
9628 10 03
9628 10 30
9630 01 28
9630 02 18
9630 08 12
9630 08 21
9630 10 28
9630 12 08
9631 02 08
9631 08 02
9631 08 20
9632 01 08
9632 08 01
9632 08 10
9632 10 08
9638 01 02
9638 01 20
9638 02 01
9638 02 10
9638 10 02
9638 10 20
9680 01 23
9680 02 13
9680 03 12
9680 03 21
9680 10 23
9680 12 03
9680 12 30
9681 02 03
9681 03 02
9681 03 20
9682 01 03
9682 01 30
9682 03 01
9682 03 10
9682 10 03
9682 10 30
9683 01 02
9683 01 20
9683 02 01
9683 02 10
9683 10 02
9683 10 20
9801 03 26
9801 06 23
9802 03 16
9802 06 13
9803 01 26
9803 02 16
9803 06 12
9803 06 21
9803 10 26
9803 12 06
9806 01 23
9806 02 13
9806 03 12
9806 03 21
9806 10 23
9806 12 03
9806 12 30
9810 03 26
9810 06 23
9812 03 06
9812 06 03
9812 06 30
9813 02 06
9813 06 02
9813 06 20
9816 02 03
9816 03 02
9816 03 20
9820 03 16
9820 06 13
9821 03 06
9821 06 03
9821 06 30
9823 01 06
9823 06 01
9823 06 10
9823 10 06
9826 01 03
9826 01 30
9826 03 01
9826 03 10
9826 10 03
9826 10 30
9830 01 26
9830 02 16
9830 06 12
9830 06 21
9830 10 26
9830 12 06
9831 02 06
9831 06 02
9831 06 20
9832 01 06
9832 06 01
9832 06 10
9832 10 06
9836 01 02
9836 01 20
9836 02 01
9836 02 10
9836 10 02
9836 10 20
9860 01 23
9860 02 13
9860 03 12
9860 03 21
9860 10 23
9860 12 03
9860 12 30
9861 02 03
9861 03 02
9861 03 20
9862 01 03
9862 01 30
9862 03 01
9862 03 10
9862 10 03
9862 10 30
9863 01 02
9863 01 20
9863 02 01
9863 02 10
9863 10 02
9863 10 20